%YAML:1.0
serial: "1406120314"
